Gesture, CircleWithCross
0.1733699, 0.4295578, 0
0.01776634, 0.439026, 0
-0.1167317, 0.3930447, 0
-0.2481219, 0.3310325, 0
-0.3322568, 0.2181894, 0
-0.3766868, 0.07346343, 0
-0.4031851, -0.07782954, 0
-0.3984003, -0.2345711, 0
-0.3334793, -0.369813, 0
-0.2244012, -0.4719281, 0
-0.07978676, -0.5289017, 0
0.07562408, -0.5465186, 0
0.2321091, -0.5465186, 0
0.3805993, -0.5036826, 0
0.4873817, -0.3927939, 0
0.5538096, -0.2520321, 0
0.5944225, -0.1001325, 0
0.5881596, 0.05656562, 0
0.5336691, 0.2035449, 0
0.4501805, 0.3359264, 0
0.3165083, 0.4080266, 0
0.1627993, 0.4319502, 0
-0.02485929, 0.05123194, 1
0.08214018, -0.06294462, 1
0.1799576, -0.182293, 1
0.2642789, -0.2987141, 1
0.1414687, 0.05209634, 2
0.02546725, -0.05327313, 2
-0.08021867, -0.1661268, 2
-0.1615583, -0.2833568, 2
