Gesture, Spiral
0.1439046, 0.3986942, 0
0.005661265, 0.4054953, 0
-0.1310382, 0.3688783, 0
-0.2588219, 0.3146912, 0
-0.3674559, 0.2264495, 0
-0.4469632, 0.1092619, 0
-0.4948513, -0.02316156, 0
-0.4894461, -0.1647478, 0
-0.4111452, -0.2783135, 0
-0.3099033, -0.3755981, 0
-0.1867095, -0.4456465, 0
-0.05523253, -0.4992774, 0
0.08466598, -0.4897768, 0
0.2115826, -0.4258283, 0
0.3363622, -0.3576016, 0
0.4479707, -0.2707453, 0
0.4993222, -0.1400074, 0
0.504752, 0.001949887, 0
0.4545368, 0.1318694, 0
0.3507697, 0.221099, 0
0.2155677, 0.2567841, 0
0.07420914, 0.2647229, 0
-0.06452772, 0.2430923, 0
-0.1849249, 0.1742519, 0
-0.2436551, 0.0507098, 0
-0.2324843, -0.08857358, 0
-0.1591851, -0.2049148, 0
-0.02814476, -0.2496312, 0
0.1033094, -0.216101, 0
0.1654358, -0.09642909, 0
0.13912, 0.01686035, 0
0.03385669, -0.005609944, 0
